{
 "cells": [
  {
   "cell_type": "code",
   "execution_count": 1,
   "id": "bfbbc60f",
   "metadata": {},
   "outputs": [],
   "source": [
    "#import libraries\n",
    "import numpy as np\n",
    "from scipy.spatial.transform import Rotation"
   ]
  },
  {
   "cell_type": "code",
   "execution_count": 25,
   "id": "820af93c",
   "metadata": {},
   "outputs": [],
   "source": [
    "#Input orbital parameters and constants\n",
    "a= 66934.2 #km\n",
    "#h=  19646.8827043885  #km^2/s^2\n",
    "e=  0.4765126\n",
    "i=  65.6523  #degrees\n",
    "Omega=  286.0469  #degrees\n",
    "omega=  68.9808  #degrees\n",
    "theta=  0.7 #degrees\n",
    "#gravitational parameter\n",
    "mu = 3.986e5 # km^3/s^2"
   ]
  },
  {
   "cell_type": "code",
   "execution_count": 26,
   "id": "d7cb4b47",
   "metadata": {},
   "outputs": [
    {
     "name": "stdout",
     "output_type": "stream",
     "text": [
      "143603.2870383258\n"
     ]
    }
   ],
   "source": [
    "#compute h from a and e\n",
    "h=np.sqrt(a*mu*(1 - e ** 2))\n",
    "print(h)"
   ]
  },
  {
   "cell_type": "code",
   "execution_count": 27,
   "id": "191b9f77",
   "metadata": {},
   "outputs": [
    {
     "name": "stdout",
     "output_type": "stream",
     "text": [
      "i= 1.1458487965070732 radians\n",
      "Omega= 4.992460220122967\n",
      "omega= 1.2039420806597045\n",
      "theta= 0.012217304763960306\n"
     ]
    }
   ],
   "source": [
    "#Convert angles from degrees to radians\n",
    "convFactor=np.pi/180.\n",
    "i=i*convFactor\n",
    "Omega=Omega*convFactor\n",
    "omega=omega*convFactor\n",
    "theta=theta*convFactor\n",
    "print('i=',i,'radians')\n",
    "print('Omega=',Omega)\n",
    "print('omega=',omega)\n",
    "print('theta=',theta)"
   ]
  },
  {
   "cell_type": "code",
   "execution_count": 28,
   "id": "f661d581",
   "metadata": {},
   "outputs": [
    {
     "name": "stdout",
     "output_type": "stream",
     "text": [
      "r_p= [35037.43922929   428.08437241     0.        ]\n",
      "norm(r_p)= 35040.0542804435\n",
      "v_p= [-0.03391076  4.09815253  0.        ]\n",
      "norm(v_p= 4.09829283163296\n"
     ]
    }
   ],
   "source": [
    "#Define postion and velocity vectors in the perifocal frame from h,e, theta\n",
    "r_p=h**2/mu/(1+e*np.cos(theta))*np.array((np.cos(theta),np.sin(theta),0))\n",
    "v_p=mu / h * np.array((-np.sin(theta), e + np.cos(theta),0))\n",
    "print(\"r_p=\",r_p)\n",
    "print(\"norm(r_p)=\",np.linalg.norm(r_p))\n",
    "print(\"v_p=\",v_p)\n",
    "print(\"norm(v_p=\",np.linalg.norm(v_p))"
   ]
  },
  {
   "cell_type": "code",
   "execution_count": 29,
   "id": "f28597d6",
   "metadata": {},
   "outputs": [
    {
     "name": "stdout",
     "output_type": "stream",
     "text": [
      "R3W= [[ 0.27642411 -0.96103575  0.        ]\n",
      " [ 0.96103575  0.27642411  0.        ]\n",
      " [ 0.          0.          1.        ]]\n",
      "R1i= [[ 1.          0.          0.        ]\n",
      " [ 0.          0.41227298  0.91106037]\n",
      " [ 0.         -0.91106037 -0.41227298]]\n",
      "R3w= [[ 0.35868078  0.93346028  0.        ]\n",
      " [-0.93346028  0.35868078  0.        ]\n",
      " [ 0.          0.          1.        ]]\n"
     ]
    }
   ],
   "source": [
    "#Define Rotation matrices\n",
    "#First one about Z axis an angle Omega\n",
    "R3W=np.array(((np.cos(Omega),np.sin(Omega),0),(-np.sin(Omega),np.cos(Omega),0),(0,0,1)))\n",
    "R1i=np.array(((1,0,0),(0,np.cos(i),np.sin(i)),(0,-np.sin(i),-np.cos(i))))\n",
    "R3w=np.array(((np.cos(omega),np.sin(omega),0),(-np.sin(omega),np.cos(omega),0),(0,0,1)))\n",
    "print(\"R3W=\",R3W)\n",
    "print(\"R1i=\",R1i)\n",
    "print(\"R3w=\",R3w)"
   ]
  },
  {
   "cell_type": "code",
   "execution_count": 30,
   "id": "65393016",
   "metadata": {},
   "outputs": [
    {
     "name": "stdout",
     "output_type": "stream",
     "text": [
      "QXx= [[ 0.46899345 -0.23832587  0.85043867]\n",
      " [-0.11591835  0.93796475  0.32677984]\n",
      " [-0.87556158 -0.25183905 -0.41227298]]\n"
     ]
    }
   ],
   "source": [
    "#Multiply matrices to obtain QXx=R1R2R3\n",
    "QXx=R3w@R1i@R3W\n",
    "print(\"QXx=\",QXx)"
   ]
  },
  {
   "cell_type": "code",
   "execution_count": 31,
   "id": "a5565ae2",
   "metadata": {},
   "outputs": [
    {
     "name": "stdout",
     "output_type": "stream",
     "text": [
      "QxX= [[ 0.46899345 -0.11591835 -0.87556158]\n",
      " [-0.23832587  0.93796475 -0.25183905]\n",
      " [ 0.85043867  0.32677984 -0.41227298]]\n"
     ]
    }
   ],
   "source": [
    "#Compute the QxX transposing QXx\n",
    "QxX=np.transpose(QXx)\n",
    "print(\"QxX=\",QxX)"
   ]
  },
  {
   "cell_type": "code",
   "execution_count": 32,
   "id": "508f4ecf",
   "metadata": {},
   "outputs": [
    {
     "name": "stdout",
     "output_type": "stream",
     "text": [
      "r= [[16382.70656947]\n",
      " [-7948.80001338]\n",
      " [29937.08248615]]  km\n",
      "r= [[16382.70656947 -7948.80001338 29937.08248615]]  km\n",
      "v= [[-0.49095502]\n",
      " [ 3.85200443]\n",
      " [ 1.3103546 ]]  km/s\n",
      "v= [[-0.49095502  3.85200443  1.3103546 ]]  km/s\n"
     ]
    }
   ],
   "source": [
    "#To follow the algorithm we defined in class,\n",
    "#we need to use the column vector, this is the main difference\n",
    "#in the matrix multiplication\n",
    "\n",
    "#reshape, allow to convert the column vector we defined for the \n",
    "#perifocal frame into a column. The (-1,1) do the conversion from \n",
    "#row to column; if you need from column to row, use reshape with (1,-1)\n",
    "r_pc=r_p.reshape(-1,1)\n",
    "#We perform the matrix computation as always\n",
    "r=QxX@r_pc\n",
    "print(\"r=\",r,\" km\")\n",
    "print(\"r=\",r.reshape(1,-1), \" km\")\n",
    "#convert the perifocal velocity from row to column vector \n",
    "v_pc=v_p.reshape(-1,1)\n",
    "#perform the multiplication as always\n",
    "v=QxX@v_pc\n",
    "print(\"v=\",v, \" km/s\")\n",
    "print(\"v=\",v.reshape(1,-1), \" km/s\")"
   ]
  },
  {
   "cell_type": "code",
   "execution_count": 33,
   "id": "9a19fb70",
   "metadata": {},
   "outputs": [
    {
     "name": "stdout",
     "output_type": "stream",
     "text": [
      "R= [[ 0.46899345 -0.23832587  0.85043867]\n",
      " [-0.11591835  0.93796475  0.32677984]\n",
      " [-0.87556158 -0.25183905  0.41227298]]\n",
      "QXx= [[ 0.46899345 -0.23832587  0.85043867]\n",
      " [-0.11591835  0.93796475  0.32677984]\n",
      " [-0.87556158 -0.25183905 -0.41227298]]\n"
     ]
    }
   ],
   "source": [
    "R=Rotation.from_euler(\"ZXZ\",[-omega,-i,-Omega])\n",
    "print(\"R=\",R.as_matrix())\n",
    "print(\"QXx=\",QXx)"
   ]
  },
  {
   "cell_type": "code",
   "execution_count": 34,
   "id": "7f3f7d49",
   "metadata": {},
   "outputs": [
    {
     "name": "stdout",
     "output_type": "stream",
     "text": [
      "[16382.70656947 -7948.80001338 29937.08248615]  km\n"
     ]
    }
   ],
   "source": [
    "r=r_p@R.as_matrix()\n",
    "print(r,\" km\")"
   ]
  },
  {
   "cell_type": "code",
   "execution_count": 35,
   "id": "07ed670d",
   "metadata": {},
   "outputs": [
    {
     "name": "stdout",
     "output_type": "stream",
     "text": [
      "[-0.49095502  3.85200443  1.3103546 ]  km/s\n"
     ]
    }
   ],
   "source": [
    "v=v_p@R.as_matrix()\n",
    "print(v, \" km/s\")"
   ]
  },
  {
   "cell_type": "code",
   "execution_count": 14,
   "id": "9fb36627",
   "metadata": {},
   "outputs": [
    {
     "name": "stdout",
     "output_type": "stream",
     "text": [
      "[5776.4114103  2358.21008327 2358.21008327]  km\n",
      "[-3.90249889  4.87223198  4.87223198]  km/s\n"
     ]
    }
   ],
   "source": [
    "r=r_p@QXx\n",
    "print(r,\" km\")\n",
    "v=v_p@QXx\n",
    "print(v,\" km/s\")"
   ]
  },
  {
   "cell_type": "code",
   "execution_count": null,
   "id": "d07a51e4",
   "metadata": {},
   "outputs": [],
   "source": []
  }
 ],
 "metadata": {
  "kernelspec": {
   "display_name": "Python 3 (ipykernel)",
   "language": "python",
   "name": "python3"
  },
  "language_info": {
   "codemirror_mode": {
    "name": "ipython",
    "version": 3
   },
   "file_extension": ".py",
   "mimetype": "text/x-python",
   "name": "python",
   "nbconvert_exporter": "python",
   "pygments_lexer": "ipython3",
   "version": "3.10.19"
  }
 },
 "nbformat": 4,
 "nbformat_minor": 5
}
